
Last position-specific scoring matrix computed, weighted observed percentages rounded down, information per position, and relative weight of gapless real matches to pseudocounts
           A  R  N  D  C  Q  E  G  H  I  L  K  M  F  P  S  T  W  Y  V   A   R   N   D   C   Q   E   G   H   I   L   K   M   F   P   S   T   W   Y   V
    1 T    0 -1  0 -1 -1 -1 -1 -2 -2 -1 -1 -1 -1 -2 -1  1  5 -3 -2  0    0   0   0   0   0   0   0   0   0   0   0   0   0   0   0   0 100   0   0   0  0.48 inf
    2 Y   -5 -5 -5 -6 -5 -5 -5 -6 -2 -3 -3 -5 -3  7 -6 -5 -4 -1  8 -4    0   0   0   0   0   0   0   0   0   0   0   0   0  45   0   0   0   0  55   0  2.10 inf
    3 S    0  1  2 -2 -3  1 -1 -2  3 -4 -4  1 -1 -3 -1  3  0  1  0 -3    7   6  10   0   0   7   2   0   8   0   0  11   2   0   2  34   4   2   4   0  0.40 inf
    4 Q   -1  1  3  1 -4  3  1 -3  1 -3 -3  2 -3 -4 -2  1  0 -4 -1 -3    4   7  17   6   0  19   6   0   3   1   2  15   0   0   1  10   4   0   2   0  0.39 inf
    5 L   -4 -5 -6 -6 -4 -5 -5 -6 -5  1  6 -5  2  1 -5 -5 -4 -4 -3  1    0   0   0   0   0   0   0   0   0   6  78   0   5   5   0   0   0   0   0   6  1.32 inf
    6 S    0  3 -2  0 -4  3  0 -4  4 -2 -4 -1 -4 -1 -4  3  2 -5 -3 -4    6  16   0   5   0  14   5   0  11   3   0   2   0   2   0  23  12   0   0   0  0.56 inf
    7 K    1  0  1 -1  3  3  0 -2 -2 -1 -1  1  0 -3 -3 -1  0  2  1 -1   14   5   7   3   6  18   4   2   0   3   7   8   3   0   0   3   5   3   5   3  0.19 inf
    8 E    2  0  0  0 -3  2  2 -1 -2 -1 -2 -1 -2  0 -1  0  0  2  0  0   18   3   3   4   0  12  13   5   0   3   3   3   0   5   3   4   4   3   4   8  0.11 inf
    9 I    1 -2 -2 -3 -1 -2 -2 -2 -2  1  1 -2  2  2 -2  1  1 -2 -1  1   12   0   0   0   0   0   0   0   0  12  13   0  12  12   0  12  12   0   0  12  0.16 inf
   10 A   -1 -1  1  3 -4  1  2 -1  2  0 -2 -1 -1 -3 -3  0  0 -4  0 -2    3   3   8  19   0   6  17   4   7   8   3   3   2   0   0   6   8   0   3   2  0.26 inf
   11 N   -1  2  1  1 -3  1  2 -1  0  0 -1  1 -2 -2 -1  0  0 -3 -1 -1    3  11   7   6   0   8  14   5   1   9   5   8   0   2   2   8   5   0   2   3  0.12 inf
   12 N   -1 -1  0  5 -4 -1  0 -1  0  1  0 -2  0 -1 -4 -1 -1 -4 -1 -2    4   2   3  40   0   2   6   5   2   8  11   0   2   3   0   3   2   0   2   2  0.43 inf
   13 I    0  0 -3 -4 -3 -3 -3 -1 -4  3  2 -3  2  1 -4 -1  0 -3 -2  1   10   5   0   0   0   0   0   5   0  23  22   0   6   6   0   6   7   0   0  11  0.28 inf
   14 D    0  1  1  1 -2  1  0  0 -2  0  0  0  1 -2  1  0  0 -3 -2  0    7   7   7   7   0   7   7   7   0   7   7   7   7   0   7   7   7   0   0   7  0.08 inf
   15 T    1  2  0  0 -1  1  1 -2  1 -1 -1  0 -1 -2 -3  1  0  0  0 -2   15  15   3   5   1   5  12   2   4   5   6   3   1   1   0   9   7   1   4   1  0.13 inf
   16 M   -2 -3 -4 -5 -4 -4 -4 -5 -5  2  3 -2  2 -3 -3 -1  5 -5 -4  0    2   1   0   0   0   0   0   0   0  12  29   1   4   0   1   4  41   0   0   5  0.78 inf
   17 A    1  1 -2 -1 -4  1  3  1  1 -2 -2  0 -1 -4 -3  1 -1 -1 -1 -1   15   7   1   1   0   6  25  10   4   3   3   5   2   0   0   9   3   1   2   4  0.25 inf
   18 K    0  0  0  2 -4  2  1 -1 -1 -3 -3  2 -2 -3 -1  1  1  1 -2 -2    7   5   2  15   0  11   8   5   1   1   1  15   1   1   2  10  10   2   1   2  0.26 inf
   19 A    3 -3 -1 -3  0 -3 -3  0 -3 -1 -1 -3 -3 -4 -1  4  2 -5 -4 -1   27   0   2   0   2   0   0   5   0   4   8   0   0   0   2  36  12   0   0   2  0.51 inf
   20 L   -1 -4 -4 -5 -3 -4 -2 -3 -4  4  3 -3  2  1 -4 -2 -2 -4 -3  2    5   0   0   0   0   0   2   2   0  34  27   1   5   5   0   2   2   0   0  16  0.59 inf
   21 T    0  1  2 -1 -1  1  1 -2 -1 -2 -2  2 -1 -4 -3  2  2 -4 -3 -2    7   7  10   2   1   7  12   1   1   1   2  12   2   0   0  20  13   0   0   3  0.29 inf
   22 T    1 -1  1  1 -3  0  0  1  2 -1 -1 -1 -2  0 -2  1  0 -3  1 -1   19   3   6   7   0   2   5  12   8   5   8   2   0   4   1   9   3   0   6   1  0.10 inf
   23 M   -4 -2 -5 -5 -4 -1 -4 -6  1  1  5 -4  1  0 -2 -3 -1 -4 -1  1    0   1   0   0   0   3   0   0   4   8  63   0   2   2   2   2   4   0   2   8  0.84 inf
   24 Q    1  0  0 -1 -4  5  3 -2  0 -3 -2  2  0 -5 -3  0 -2 -5 -4 -2   11   3   5   1   0  31  18   1   2   1   4  11   2   0   0   5   2   0   0   2  0.53 inf
   25 E   -1  1  1  2 -4  2  3 -2 -2 -4 -3  3 -3 -5 -3  1  0  0 -4 -4    3   8   5  14   0   9  21   2   0   0   3  18   0   0   0   9   7   1   0   0  0.46 inf
   26 Q   -3 -1 -1 -1 -1  5  2 -2  1 -5 -4  0 -4 -3 -1  4 -2  0 -2 -5    0   1   2   3   2  30  13   1   3   0   1   4   0   1   2  33   0   1   1   0  0.74 inf
   27 I   -2 -4 -4 -4 -3  1 -1 -3  0  2  4 -2  2 -1 -1 -4 -2 -4 -3  1    2   0   0   0   0   7   4   2   2  11  51   2   5   1   3   0   2   0   0   8  0.55 inf
   28 D    0  1  1  1 -3  1  1  0  1 -1 -3  0 -2 -3 -2  0  2 -3  1 -1    7   7   9   9   0   4  12   7   4   4   0   4   0   0   0   6  17   0   5   4  0.17 inf
   29 S    0 -1  1 -1 -3  1  1  0  2  0 -1  0 -1 -2  1  0  0 -3  1 -2    8   0   8   0   0   8   8   8   8   8   8   8   0   0   8   8   8   0   8   0  0.11 inf
   30 L   -2 -3 -3 -4 -3  0 -3 -4 -4  2  4 -3  4 -2 -4 -1  2 -3 -3  1    0   0   0   0   0   4   0   0   0  11  45   0  13   0   0   4  14   0   0   9  0.53 inf
   31 A    2  4 -2 -2  1  0 -1 -2  3 -3 -2 -1 -2 -3 -3  3  0 -4  0 -2   17  28   0   0   3   3   2   0   9   0   3   0   0   0   0  25   4   0   4   2  0.41 inf
   32 A    0  1  1 -1 -3  1  1  0  2 -2  0  1  2 -3 -2  1  1 -3 -2 -2    8   8   8   0   0   8   8   8   8   0   8   8   8   0   0   8   8   0   0   0  0.15 inf
   33 V    1  0 -3 -1 -2 -2 -1 -4 -3  1  0 -3  4 -2 -3 -2 -1 -4 -3  4   13   5   0   3   0   0   3   0   0   4   3   0  20   0   0   0   3   0   0  47  0.49 inf
   34 V    2 -3  0 -1 -2 -2 -1 -1 -3  1  0 -2 -1  1 -3  0  0 -3 -1  3   23   0   6   3   0   0   3   5   0   7   4   0   0  10   0   4   7   0   0  29  0.17 inf
   35 L   -2 -3 -1 -3  3 -2 -1 -3 -2  1  1 -3  3  1  2  0 -2  5  1  0    0   0   4   0  10   0   4   0   0  10  18   0  11   4  10   9   0  10   6   4  0.31 inf
   36 Q   -2  1  1  1 -4  5  1  1 -1 -4 -4  1 -3 -4  1 -2 -2 -3  1 -4    0   8   6   7   0  42   8  10   0   0   0   8   0   0   6   0   0   0   6   0  0.61 inf
   37 N   -3 -2  7 -1 -4  1 -2 -3  2 -4 -1  1 -3 -4 -4  0 -1 -5  0 -4    0   0  64   0   0   6   0   0   5   0   8   9   0   0   0   3   3   0   3   0  0.98 inf
   38 R   -3  5  1  1 -5  1 -2 -1  4 -5 -4  2 -4 -4  0 -3 -3  4 -3 -5    0  42   6   8   0   6   0   6  10   0   0  11   0   0   6   0   0   6   0   0  0.81 inf
   39 R   -1  4 -2 -3  1  1 -2 -1  3 -1  1  0  2  0 -4 -1 -2  3 -2 -1    4  30   0   0   4   6   0   4   8   4  15   4   6   4   0   4   0   4   0   4  0.31 inf
   40 G    1  1 -1  1 -2 -1  1  1 -2 -1 -2 -1  2 -3  2  1  1 -3 -2  0   10  10   0  10   0   0  10  10   0   0   0   0  10   0  10  10  10   0   0  10  0.16 inf
   41 L   -1  1 -2 -3 -2 -1 -2 -3  3  1  1 -1  2  2  2  0 -1 -2 -1  1    0  11   0   0   0   0   0   0  11  11  11   0  11  11  11  11   0   0   0  11  0.17 inf
   42 D    0 -2  1  4 -3 -1  1  0  1 -2  0 -2 -2 -2 -2 -1  0 -3  0 -1   11   0   5  39   0   0   5   7   5   0  11   0   0   0   0   0   6   0   5   5  0.32 inf
   43 M   -1  0 -3 -4  1 -1 -3 -4 -2  0  2 -2  2  2  1 -2 -2  2  3  0    3   6   0   0   3   3   0   0   0   3  31   0   7  11   8   3   0   3  17   3  0.32 inf
   44 L   -2 -3 -4 -4 -3 -1 -3 -3 -4  1  4 -1  2  1  1 -3 -2 -3 -2  0    0   0   0   0   0   3   0   2   0   7  60   5   6   4   9   0   0   0   0   4  0.54 inf
   45 T   -1  1  1 -2 -2  1 -2 -3 -1  1  0 -1  2  2 -3  0  1 -2  2  1    0   9   9   0   0   9   0   0   0   9   9   0   9   9   0   9   9   0   9   9  0.12 inf
   46 A    3 -3 -3 -3 -2 -2 -3 -2 -3  0  2 -1  1  0  0  0  0 -3 -2  0   41   0   0   0   0   0   0   0   0   3  24   3   4   3   4   6   4   0   0   4  0.31 inf
   47 A    0  1  1  1 -3  1  1  0  2 -2 -1  1 -2  0  1  0  0 -3 -1 -2    7   7   7   7   0   7   7   7   7   0   7   7   0   7   7   7   7   0   0   0  0.12 inf
   48 Q   -2  1  1  1 -4  4  2 -1  4 -4 -4  2 -3 -4 -3  0  0 -4 -3 -4    0   9   6   6   0  24  16   5  12   0   0  12   0   0   0   6   5   0   0   0  0.54 inf
   49 G    0  1  2  1 -3  2  1  1  3 -2 -3  0 -2 -3 -2  1 -1 -3 -2  0   10  10  10  10   0  10  10  10  10   0   0   0   0   0   0  10   0   0   0  10  0.20 inf
   50 G    0  0 -1  0 -3  1  0  4  4 -3 -3 -1 -2  0 -3  0  1 -3 -2 -3    5   5   0   5   0  10   5  36  14   0   0   0   0   5   0   5  10   0   0   0  0.38 inf
   51 I    0 -2 -2  0 -2  0 -2  1 -3  1  2 -2  1  0 -3 -1  1 -3 -2  1    9   0   0   6   0   5   0  16   0   9  23   0   3   3   0   0  10   0   0  15  0.12 inf
   52 C   -1  2 -1 -1  4  0  1  1 -1 -3 -2  0 -2 -1 -2  1 -1 -1  3 -2    0  17   0   0  17   0  17  17   0   0   0   0   0   0   0  17   0   0  17   0  0.26 inf
   53 L    1 -1  1 -2 -3  1  0  2  0 -1  0  0  0 -1 -1  1  0 -3  0 -1   11   3   7   0   0   7   6  16   3   3  10   3   3   3   3  11   3   0   3   4  0.09 inf
   54 A    2  0 -3 -3 -3 -2  0 -3 -3  1  1  2  3  1 -3 -1  0  2  1  0   19   5   0   0   0   0   5   0   0  10  10  15  12   6   0   3   4   3   4   4  0.19 inf
   55 L   -2 -2 -2 -5 -3 -1 -4 -5 -4  3  3 -4  1  4 -1 -4 -3 -3 -1  1    3   3   3   0   0   3   0   0   0  17  30   0   3  25   3   0   0   0   0   9  0.56 inf
   56 D   -2  1  4  0 -4  0 -1  4  2 -4 -3  1 -1 -1 -2 -1 -3  0 -3 -4    0   7  22   4   0   5   3  34   6   0   3   8   1   3   1   3   0   1   0   0  0.53 inf
   57 E    0  1  1  1 -3  1  1  0 -1  0 -2  1 -2 -3  1  1  1 -4 -3 -2    8   8   8   8   0   8   8   8   0   8   0   8   0   0   8   8   8   0   0   0  0.18 inf
   58 K    0  0  1  0 -3  1  0  0  2  0  0  0  1 -2 -2  0  0 -3  1  0    6   6   6   6   0   6   6   6   6   6   6   6   6   0   0   6   6   0   6   6  0.06 inf
   59 C   -1  1 -2 -2  4 -1 -2  1 -1 -2 -2 -1 -2  2  2  1 -1 -1  3 -2    0  14   0   0  14   0   0  14   0   0   0   0   0  14  14  14   0   0  14   0  0.30 inf
   60 C   -1  1 -2 -3  4 -1 -2 -3  3 -1 -2 -1 -1  2 -3  0 -1  5  3  0    0  12   0   0  12   0   0   0  12   0   0   0   0  12   0  12   0  12  12  12  0.38 inf
   61 F   -2 -2 -3 -4  1 -3 -4 -1  0  0  1 -3  0  5 -2 -2  2  2  1  1    1   2   0   0   3   0   0   6   2   5  13   0   2  29   1   2  14   3   4  11  0.37 inf
   62 W   -2  0  1 -4  0  1 -2 -4  2 -3 -1 -3 -3  3 -4 -1 -1  2  6 -2    2   5   9   0   2   7   2   0   4   0   5   0   0  14   0   3   3   2  39   2  0.74 inf
   63 V    1 -1 -3 -4 -3 -3 -2 -4  0  4  0 -1  0 -2 -1 -1  1  2 -2  2   15   3   0   0   0   0   3   0   3  34   7   2   2   0   2   2   8   3   0  16  0.33 inf
   64 N   -2 -3  4  3 -4 -2  1 -1 -2 -4 -4 -2 -4 -5  3  1  1 -5 -4 -1    0   0  28  21   0   0   7   4   0   0   0   0   0   0  14  13   7   0   0   5  0.66 inf
   65 Q    0 -1  3  1 -3  1  1 -3  4 -2 -2  1 -2 -3 -3  0  0 -4  1 -1    6   2  17   9   0   5   7   0  16   2   4  10   0   0   0   8   5   0   4   5  0.29 inf
   66 S   -1 -1  3  0 -3 -2  0 -1  0 -2 -3 -1 -1 -2 -2  4  2 -4 -1 -1    1   3  17   4   0   0   4   3   2   1   1   2   1   2   1  37  14   0   2   5  0.44 inf
   67 G    0  1  1  1 -3  1  1  0  2 -2 -3  1 -2 -2  1  0  0 -3  1 -1    7   7   7   7   0   7   7   7   7   0   0   7   0   0   7   7   7   0   7   7  0.15 inf
   68 K    0  0  0  0 -2  1  1 -1  0  0  0  1  0 -1 -2  0  1 -3 -2  0    8   3   4   6   0   5  10   4   3   8   7  11   3   3   0   9   8   0   0   6  0.06 inf
   69 V   -1 -4 -1  0 -4 -4 -2 -5  0  3 -1 -1 -2  0  0 -2  0 -5 -3  5    4   0   3   5   0   0   2   0   2  17   5   3   0   3   4   3   5   0   0  43  0.55 inf
   70 Q   -2  2  0  0  1  2  3  0  1 -1 -2  0  1 -4 -1  0  0  2  0 -2    3  11   3   5   3   9  18   6   3   4   3   6   4   0   3   5   6   3   3   3  0.19 inf
   71 D   -3 -1  0  2 -5  1  2  1  1 -1 -1  1  1 -4 -1  0  0 -5  0 -1    0   3   4  12   0   6  17  13   4   3   6   7   3   0   3   6   6   0   3   4  0.20 inf
   72 N    0  0  3  1 -4  0  1 -3  2 -2 -3  1 -3 -4 -1  2  1 -5 -4 -1    7   4  17   7   0   4   9   0   6   3   3   9   0   0   3  19   7   0   0   4  0.32 inf
   73 I    0 -1 -1 -5 -4 -4 -5 -5 -5  4  2 -4  4  0 -5 -4 -1  2 -3  3    7   4   3   0   0   0   0   0   0  28  18   0  11   4   0   0   3   3   0  19  0.67 inf
   74 R    1  2  2  1 -3  2  1 -1  1 -3 -2  1 -3 -4 -3  0  2 -4 -1 -2   15  11   9   8   0   9   7   3   3   0   3   8   0   0   0   6  14   0   2   2  0.24 inf
   75 Q   -1  1  0  1 -4  1  2  0  1 -2 -2  4 -3 -4 -3  0 -1  0 -3 -1    5   7   3  10   0   6  13   6   4   2   3  30   0   0   0   5   2   1   0   5  0.37 inf
   76 L    2 -1 -4 -3 -1 -3 -4 -3 -2  2  3 -2  2  0 -2 -3 -1 -4 -1  1   18   4   0   1   1   0   0   2   1  12  34   1   6   3   1   0   2   0   2  11  0.37 inf
   77 L   -3  3  0 -3 -1  2  1 -3  3  0  0  1  3 -3 -4 -1 -2  0  1 -2    0  18   3   0   1  12   8   2   7   5  11  10  10   0   0   3   1   1   7   1  0.33 inf
   78 N   -2  2  0  0 -2  2  4 -2  1 -3 -4  2 -3 -5 -3 -1  0 -5 -2 -2    2  12   4   5   1  10  32   3   4   1   1  13   0   0   0   3   5   0   1   3  0.50 inf
   79 Q   -1  0  0  0  2  0  0 -1  2  0 -1  0  1  0  0  0  0  3 -2  0    5   5   5   5   5   5   5   5   5   5   5   5   5   5   5   5   5   5   0   5  0.06 inf
   80 A    1  0 -4 -5 -4  0 -4 -1  1  1  3 -4  3  0 -5 -1  0  3  0  1   13   5   0   0   0   4   0   4   4   6  27   0   7   4   0   6   5   4   4  10  0.33 inf
   81 S    0  2  0  1 -4  1  3 -2  1 -3 -2  2  0 -1 -3  0  1 -4 -3 -1    8  10   4   6   0   7  20   2   3   0   3  12   2   3   0   8   8   0   0   4  0.25 inf
   82 S    0  0  1  0  2  1  0 -3  2  0 -1  0 -2 -2 -3  0  0  4  1  0    6   6   6   6   6   6   6   0   6   6   6   6   0   0   0   6   6   6   6   6  0.07 inf
   83 L   -1  3 -3 -4  3  0 -3 -4  2  0  2  0  1 -2 -1 -1 -3  3  0 -1    4  23   0   0   7   4   0   0   7   6  22   4   4   0   4   4   0   4   4   4  0.35 inf
   84 R   -1  3  0 -2  0  3  0 -2  3 -4 -4  3 -3 -4 -3  0 -1 -4  0 -4    4  18   5   0   3  20   3   3   8   0   0  23   0   0   0   6   3   0   3   0  0.48 inf
   85 E   -3  4  0 -1 -5  4  2 -3  1 -5 -4  4 -3 -5 -3  0 -2 -4 -3 -4    0  24   3   3   0  19  10   0   3   0   0  34   0   0   0   4   0   0   0   0  0.78 inf
   86 R   -1  3  0  0 -4  2  2 -2 -1 -3 -3  4 -2 -3 -1 -1 -1 -3 -2 -3    0  13   0   0   0   7  21   0   0   0   0  59   0   0   0   0   0   0   0   0  0.55 inf
   87 A    3  3 -1 -2 -1  0 -1 -1 -1 -2 -2  1 -1 -3 -1  1  0 -3 -2 -1   62  38   0   0   0   0   0   0   0   0   0   0   0   0   0   0   0   0   0   0  0.32 inf
   88 T    0 -1  0 -1 -1 -1 -1 -2 -2 -1 -1 -1 -1 -2 -1  1  5 -3 -2  0    0   0   0   0   0   0   0   0   0   0   0   0   0   0   0   0 100   0   0   0  0.48 inf
   89 Q   -1  1  0  0 -3  6  2 -2  0 -3 -2  1  0 -3 -1  0 -1 -2 -2 -2    0   0   0   0   0 100   0   0   0   0   0   0   0   0   0   0   0   0   0   0  0.67 inf
   90 N   -1  0  5  1 -3  0  0  0  1 -3 -3  0 -2 -3 -2  1  0 -4 -2 -3    0   0   0   0   0   0   0   0   0   0   0   0   0   0   0   0   0   0   0   0  0.00     0.00
   91 L   -1 -2 -3 -3 -1 -2 -3 -3 -3  1  4 -2  2  0 -3 -2 -1 -2 -1  1    0   0   0   0   0   0   0   0   0   0   0   0   0   0   0   0   0   0   0   0  0.00     0.00
   92 Y   -2 -2 -2 -3 -3 -2 -2 -3  2 -1 -1 -2 -1  3 -3 -2 -2  2  7 -1    0   0   0   0   0   0   0   0   0   0   0   0   0   0   0   0   0   0 100   0  0.87 inf
   93 F   -1 -3 -3 -4 -2 -3 -3 -4 -2  2  1 -3  1  2 -3 -2 -1 -2  2  4    0   0   0   0   0   0   0   0   0   9  15   0   0  12   0   0   0   0   8  56  0.36 inf
   94 Q    0 -3 -2 -3 -4  1 -3  6 -3 -5 -5 -2 -4 -5 -3 -1 -3 -4 -4 -4    6   0   0   0   0   9   0  85   0   0   0   0   0   0   0   0   0   0   0   0  1.38 inf
   95 S    0 -4 -4 -4 -3 -4 -4 -4 -4  4  3 -4  0 -1 -4 -2  0 -3  0  2    7   0   0   0   0   0   0   0   0  30  39   0   0   0   0   2   4   0   3  13  0.60 inf
   96 T    4 -3  1 -3 -3 -3 -3 -1 -4  0 -1 -3  3 -4 -3 -1  3 -5 -4  1   38   0   7   0   0   0   0   3   0   6   3   0   8   0   0   1  23   0   0  11  0.53 inf
   97 K   -1  0  0 -2 -4  1  1 -3  3 -1 -2  3 -1 -3 -3  0  3 -4  1 -1    4   5   3   0   0   7   8   0   8   3   4  21   2   0   0   5  21   0   6   3  0.32 inf
   98 A    1 -3  4 -3 -5  5 -1 -3  3 -1 -5 -1 -4 -5 -4  0 -1  0 -4 -1   15   0  20   0   0  31   1   1   8   4   0   3   0   0   0   7   2   1   0   6  0.75 inf
   99 S   -1  1  1 -1 -3  2  1 -2  1 -1  0 -1  0 -3 -2  1  1  0 -2  1    4  10   7   3   0  10  10   3   4   2   8   3   3   0   1   9   9   1   1  12  0.13 inf
  100 L   -1  1  2  2 -4  3 -1 -2  3 -1 -1  0 -1 -1 -3  0 -1 -4 -3 -1    4   7   9  13   0  15   2   2   9   4   7   6   1   3   0   8   4   0   0   5  0.22 inf
  101 T    0  2 -1 -2 -4  3  1  1  4 -2 -3 -1 -1 -1 -3  1  0  4 -1 -3    7  10   2   1   0  13   7  10  13   2   2   3   2   2   1  10   5   6   2   1  0.31 inf
  102 Y   -3 -4 -4 -5  0 -4 -4 -5  1  3  2 -4  1  2 -2 -1  0 -3  4  1    0   0   0   0   2   0   0   0   4  22  25   0   2   9   2   4   6   0  15   9  0.57 inf
  103 S   -1  1  3 -1 -4  2  1 -1  1  0 -2  0  0 -3 -2  1  0  1 -1 -1    4   7  16   2   0  11   8   3   4   6   3   5   2   0   2  13   5   2   2   5  0.19 inf
  104 Q   -1  0  1  0  1  2  0  0  1  0 -2  0 -2 -2  0  1  0 -3  3 -1    3   3   9   5   4  12   5   6   3   9   2   5   0   0   5   9   5   0  13   2  0.13 inf
  105 L   -1 -3  0 -4 -3 -3 -4 -4 -4  2  3 -3  2  1  0 -1  0 -3 -2  2    5   0   5   0   0   0   0   0   0  14  35   0   6   7   5   5   5   0   0  13  0.38 inf
  106 S    0  1  1  0 -3  1  0 -3  2  0 -1  0 -2  1 -3  0  0  4  2 -2    7   7   7   7   0   7   7   0   7   7   7   7   0   7   0   7   7   7   7   0  0.14 inf
  107 K    1  0  1  0  3  2 -1 -2 -2 -1 -1  1  0 -2 -3 -1  0  2  2 -1   15   5   7   4   6  12   3   2   0   3   7   8   3   0   0   3   5   3  10   3  0.16 inf
  108 E    1  0  1  0 -3  1  1  0 -2 -1 -2 -1 -2  0 -1  0  0  2  0  0   16   4   9   4   0   8   9   5   0   3   3   3   0   5   3   7   6   3   4   7  0.07 inf
  109 I    1 -2 -2 -2 -2  1 -1 -2 -2  1  1 -1  2  2 -2  1  1 -2 -1  1   11   0   0   0   0  11   0   0   0  11  11   0  11  11   0  11  11   0   0  11  0.13 inf
  110 A    0  0  1  2 -3  2  1 -1  3 -1 -1  0  0 -3 -3  0  0 -3  1 -1    6   3   5  13   0  11  10   5   9   5   4   6   3   0   0   6   6   0   5   3  0.16 inf
  111 N   -1  2  1  1 -3  1  2 -1  0  0 -1  1 -2 -2 -1  0  0 -4 -1 -1    3  11   6   6   0   7  17   5   1   9   4   8   0   2   2   9   4   0   2   3  0.13 inf
  112 N   -2 -1  0  5 -4 -1  0 -1  1  1  0 -1  0 -1 -4 -1 -1 -5 -1 -2    3   2   3  40   0   2   5   5   3   8  11   2   2   3   0   3   2   0   2   2  0.45 inf
  113 I    1  0 -3 -4 -3 -3 -3 -1 -4  3  2 -3  2  1 -4  0  1 -4 -2  1   10   5   0   0   0   0   0   5   0  21  19   0   6   5   0  10   8   0   0  11  0.27 inf
  114 D    0  0  1  0 -3  1  0  0 -1  0  0  0  1 -2  1  0  0 -3  1  0    6   6   6   6   0   6   6   6   0   6   6   6   6   0   6   6   6   0   6   6  0.05 inf
  115 T    1  2 -1  0 -1  1  1 -1  1  0 -1  0 -1 -1 -3  1  0  1  0 -1   17  13   2   5   1   5  11   3   4   6   6   3   1   2   0  10   6   2   3   2  0.12 inf
  116 M   -1 -1 -3 -4 -3 -3 -4 -4 -4  2  2 -1  2 -3 -4 -1  4 -4 -3  0    5   2   0   0   0   0   0   0   0  13  25   3   6   0   0   4  37   0   0   5  0.58 inf
  117 A    0  0 -1  0 -4  1  3  0  1 -1 -2  0  1 -3 -3  0  0  0  0 -1    9   4   2   4   0   7  24   9   4   3   2   6   4   0   0   7   5   2   3   5  0.21 inf
  118 K   -1  0  0  2 -3  2  1 -1  0 -2 -2  2 -1 -1 -1  0  1  3 -1 -2    4   3   3  13   0   9   7   3   2   2   2  18   2   2   2   7  10   5   2   2  0.19 inf
  119 A    1  0  0 -2  2 -2 -2  0 -2  1  1 -2 -1 -2  0  2  1 -3 -2  0   11   5   5   0   5   0   0   6   0  11  18   0   0   0   5  20  10   0   0   5  0.12 inf
  120 L    0 -2 -2 -3 -2 -2 -1 -1 -3  3  1 -1  2  1 -3 -1  0 -3 -1  2    7   0   0   0   0   0   6   6   0  27  12   5   6   9   0   5   5   0   0  12  0.15 inf
  121 T    0  1  2 -1 -1  1  2 -2 -1 -2 -2  2 -1 -4 -3  2  2 -4 -3 -2    7   6  10   2   1   7  12   1   1   1   2  12   2   0   0  20  14   0   0   3  0.29 inf
  122 T    1 -1  1  1 -3  0  0  1  2 -1 -1 -1 -2  0 -2  1  0 -3  1 -1   19   3   6   7   0   2   5  12   7   5   8   2   0   4   1   9   3   0   6   1  0.10 inf
  123 M   -3 -2 -5 -5 -4 -1 -4 -5  1  1  5 -4  1  0 -2 -3 -1 -4 -1  1    0   1   0   0   0   3   0   0   4   7  63   0   2   2   2   2   4   0   2   8  0.81 inf
  124 Q    1  0  0 -1 -4  4  2 -2  0 -2 -1  1  0 -4 -3  0 -1 -4 -3 -2   13   4   4   2   0  28  17   2   2   2   5  10   2   0   0   5   2   0   0   2  0.40 inf
  125 E   -1  1  1  2 -4  2  2 -1 -2 -4 -2  2 -3 -4 -3  1  1  1 -3 -3    3   9   5  14   0   9  17   2   0   0   3  16   0   0   0   9   9   2   0   0  0.36 inf
  126 Q   -2 -1 -1  0  0  4  2 -2  1 -4 -3  0 -3 -2 -1  3 -2 -4 -1 -4    0   2   2   4   2  27  14   2   3   0   2   4   0   2   3  30   0   0   2   0  0.54 inf
  127 I   -1 -3 -4 -4 -3  1  0 -2  0  1  4 -2  1 -1  0 -3 -1 -3 -3  1    3   0   0   0   0   8   6   3   2   9  47   2   4   2   5   0   2   0   0   8  0.38 inf
  128 D    0  1  1  1 -3  1  1  0  1 -1 -3  0 -2 -3 -2  0  2 -3  1 -1    7   7   9   9   0   4  12   7   4   4   0   4   0   0   0   6  17   0   5   4  0.17 inf
  129 S    0 -1  1 -1 -3  1  1  0  2  0 -1  0 -1 -2  1  0  0 -3  1 -2    8   0   8   0   0   8   8   8   8   8   8   8   0   0   8   8   8   0   8   0  0.11 inf
  130 L   -2 -3 -3 -4 -3  0 -3 -4 -4  2  4 -3  4 -2 -4 -1  2 -3 -3  1    0   0   0   0   0   4   0   0   0  11  45   0  12   0   0   4  14   0   0   9  0.53 inf
  131 A    2  4 -2 -2  1  0 -1 -2  3 -3 -2 -1 -2 -3 -3  3  0 -4  0 -2   17  28   0   0   3   3   2   0   9   0   3   0   0   0   0  25   4   0   4   2  0.41 inf
  132 A    0  1  1 -1 -3  1  1  0  2 -2  0  1  2 -3 -2  1  1 -3 -2 -2    8   8   8   0   0   8   8   8   8   0   8   8   8   0   0   8   8   0   0   0  0.15 inf
  133 V    1 -1 -3 -1 -2 -3 -2 -4 -4  1  0 -3  5 -2 -3 -2 -1 -4 -3  4   12   3   0   3   0   0   3   0   0   4   3   0  20   0   0   0   3   0   0  49  0.54 inf
  134 V    2 -3  0 -1 -2 -2 -1 -1 -3  1  0 -2 -1  1 -3  0  0 -3 -1  2   24   0   6   3   0   0   3   5   0   7   4   0   0  10   0   4   7   0   0  28  0.17 inf
  135 L   -2 -3 -1 -3  3 -2 -1 -3 -2  1  1 -3  3  1  2  0 -2  5  1  0    0   0   4   0  10   0   4   0   0  10  17   0  11   4  10  10   0  10   6   4  0.30 inf
  136 Q   -2  1  1  1 -4  5  1  1 -1 -4 -4  1 -3 -4  1 -2 -2 -3  1 -4    0   8   6   7   0  42   8  10   0   0   0   8   0   0   6   0   0   0   6   0  0.61 inf
  137 N   -3 -2  7 -1 -4  1 -2 -3  2 -4 -1  1 -3 -4 -4  0 -1 -5  0 -4    0   0  64   0   0   6   0   0   5   0   8   9   0   0   0   3   3   0   3   0  0.98 inf
  138 R   -3  5  1  1 -5  1 -2 -1  4 -5 -5  2 -4 -4  0 -3 -3  4 -3 -5    0  44   6   8   0   6   0   6  10   0   0   9   0   0   6   0   0   6   0   0  0.84 inf
  139 R   -1  4 -2 -3  1  1 -2 -1  3 -1  1  0  2  0 -4 -1 -2  3 -2 -1    4  30   0   0   4   6   0   4   8   4  15   4   6   4   0   4   0   4   0   4  0.31 inf
  140 G    1  1 -1  1 -2 -1  1  1 -2 -1 -2 -1  2 -3  2  1  1 -3 -2  0   10  10   0  10   0   0  10  10   0   0   0   0  10   0  10  10  10   0   0  10  0.16 inf
  141 L   -1  1 -2 -3 -2 -1 -2 -3  3  1  1 -1  2  2  2  0 -1 -2 -1  1    0  11   0   0   0   0   0   0  11  11  11   0  11  11  11  11   0   0   0  11  0.17 inf
  142 D    0 -2  1  4 -3 -1  0  0  1 -2  0 -2 -2 -2 -2 -1  0 -3  0 -1   11   0   5  38   0   0   5   8   5   0  11   0   0   0   0   0   6   0   5   5  0.30 inf
  143 M   -1  0 -3 -4  1 -1 -3 -4 -2  0  2 -2  2  2  1 -2 -2  2  3  0    3   6   0   0   3   3   0   0   0   3  32   0   7  10   8   3   0   3  17   3  0.32 inf
  144 L   -2 -3 -4 -4 -3 -1 -3 -2 -4  1  4 -2  2  1  2 -3 -2 -3 -2  0    0   0   0   0   0   3   0   3   0   5  60   3   6   5  10   0   0   0   0   5  0.56 inf
  145 T   -2 -1 -1 -3 -3 -1 -3 -4 -3  0  2 -2  1  4 -3 -1  2 -2  1  0    0   4   3   0   0   3   0   0   0   3  30   0   4  22   0   5  19   0   3   3  0.35 inf
  146 A    3 -3 -3 -3 -2 -2 -3 -2 -3  0  2 -1  1  0  0  0  0 -3 -2  0   41   0   0   0   0   0   0   0   0   3  24   3   4   3   4   6   4   0   0   4  0.31 inf
  147 A    0  1  1  1 -3  1  1  0  2 -2 -1  1 -2  0  1  0  0 -3 -1 -2    7   7   7   7   0   7   7   7   7   0   7   7   0   7   7   7   7   0   0   0  0.12 inf
  148 Q   -2  1  1  1 -4  4  2 -1  4 -4 -4  2 -3 -4 -3  0  0 -4 -3 -4    0   9   6   6   0  24  16   5  12   0   0  12   0   0   0   6   5   0   0   0  0.54 inf
  149 G    0  1  2  1 -3  2  1  1  3 -2 -3  0 -2 -3 -2  1 -1 -3 -2  0   10  10  10  10   0  10  10  10  10   0   0   0   0   0   0  10   0   0   0  10  0.20 inf
  150 G    0  0 -1  0 -3  1  0  4  4 -3 -3 -1 -2  0 -3  0  1 -3 -2 -3    5   5   0   5   0  10   5  36  14   0   0   0   0   5   0   5  10   0   0   0  0.38 inf
  151 I    0 -2 -2  0 -2  0 -2  1 -3  1  2 -2  1  0 -3 -1  1 -3 -2  1    9   0   0   6   0   5   0  16   0   9  23   0   3   3   0   0  10   0   0  15  0.12 inf
  152 C   -1  2 -1 -1  4  0  1  1 -1 -3 -2  0 -2 -1 -2  1 -1 -1  3 -2    0  17   0   0  17   0  17  17   0   0   0   0   0   0   0  17   0   0  17   0  0.26 inf
  153 L    1 -1  1 -2 -3  1  0  2  0 -1  0  0  0 -1 -1  1  0 -3  0 -1   11   3   7   0   0   7   6  16   3   3  10   3   3   3   3  11   3   0   3   4  0.09 inf
  154 A    2  0 -3 -3 -3 -2  0 -3 -3  1  1  2  3  1 -3 -1  0  2  1  0   19   5   0   0   0   0   5   0   0  10  10  15  12   6   0   3   4   3   4   4  0.19 inf
  155 L   -2 -2 -2 -5 -3 -1 -4 -5 -4  3  3 -4  1  4 -1 -4 -3 -3 -1  1    3   3   3   0   0   3   0   0   0  17  30   0   3  25   3   0   0   0   0  10  0.56 inf
  156 D   -2  1  4  0 -4  0 -1  4  2 -4 -3  1 -1 -1 -2 -1 -3  0 -3 -4    0   7  22   4   0   5   3  34   6   0   3   8   1   3   1   3   0   1   0   0  0.52 inf
  157 E    0  1  1  1 -3  1  1  0 -1  0 -2  1 -2 -3  1  1  1 -4 -3 -2    8   8   8   8   0   8   8   8   0   8   0   8   0   0   8   8   8   0   0   0  0.18 inf
  158 K    0  0  1  0 -3  1  0  0  2  0  0  0  1 -2 -2  0  0 -3  1  0    6   6   6   6   0   6   6   6   6   6   6   6   6   0   0   6   6   0   6   6  0.06 inf
  159 C   -1  1 -2 -2  4 -1 -2  1 -1 -2 -2 -1 -2  2  2  1 -1 -1  3 -2    0  14   0   0  14   0   0  14   0   0   0   0   0  14  14  14   0   0  14   0  0.30 inf
  160 C   -1  1 -2 -3  4 -1 -2 -3  3 -1 -2 -1 -1  2 -3  0 -1  5  3  0    0  12   0   0  13   0   0   0  12   0   0   0   0  12   0  12   0  12  12  12  0.38 inf
  161 F   -2 -2 -3 -4  1 -3 -4 -1  0  0  1 -3  1  5 -2 -2  2  2  1  1    1   2   0   0   3   0   0   6   2   5  12   0   3  29   1   2  14   3   4  11  0.36 inf
  162 W   -2  0  1 -4  0  1 -2 -4  2 -3 -1 -3 -3  3 -4 -1 -1  2  6 -2    2   4   7   0   2   8   2   0   4   0   5   0   0  15   0   3   3   3  40   2  0.77 inf
  163 V    1 -1 -3 -3 -3 -3 -2 -4  0  4  1 -1  1 -2 -1 -1  1 -4 -3  2   14   3   0   0   0   0   3   0   3  33   8   3   2   0   3   2   8   0   0  17  0.33 inf
  164 N   -2 -3  5  4 -4 -2  1 -1 -2 -4 -5 -2 -4 -5  3  2  0 -5 -4 -1    0   0  29  23   0   0   7   3   0   0   0   0   0   0  14  14   5   0   0   5  0.70 inf
  165 Q   -1 -1  3  1 -3  0  1 -3  5 -2 -2  1 -2 -3 -3  0  0 -4  1 -1    5   2  15  10   0   4   7   0  17   2   4  10   0   0   0   8   5   0   5   5  0.29 inf
  166 S   -1 -1  3  0 -3 -2  0 -1  0 -2 -3 -1 -1 -2 -2  4  2 -4 -1 -1    2   3  14   4   0   0   5   3   2   1   1   2   2   2   1  36  15   0   1   5  0.39 inf
  167 G    0  1  1  1 -3  1  1  0  2 -2 -3  1 -2 -2  1  0  0 -3  1 -1    7   7   7   7   0   7   7   7   7   0   0   7   0   0   7   7   7   0   7   7  0.15 inf
  168 K    0  0  0  0 -2  1  1 -1  0  0  0  1  0 -1 -2  0  1 -3 -2  0   10   3   4   6   0   5  10   4   3   8   7  11   3   3   0   7   8   0   0   6  0.06 inf
  169 V   -1 -4 -1  0 -4 -4 -2 -5  0  3 -1 -1 -2  0  0 -2  0 -5 -3  5    4   0   3   5   0   0   2   0   2  18   5   3   0   3   4   3   5   0   0  42  0.55 inf
  170 Q   -2  2  0  0  1  2  3  0  1 -1 -2  0  1 -4 -1  0  0  2  0 -2    3  12   3   5   3   9  18   6   3   4   3   6   4   0   3   5   6   3   3   3  0.19 inf
  171 D   -3 -1  0  2 -5  1  2  1  1 -1 -1  1  1 -4 -1  0  0 -5  0 -1    0   3   4  12   0   6  17  13   4   3   6   7   3   0   3   6   6   0   3   4  0.20 inf
  172 N    0  0  3  1 -4  0  1 -3  2 -2 -3  1 -3 -4 -1  2  1 -5 -4 -1    7   4  17   7   0   4   9   0   6   3   3   9   0   0   3  19   7   0   0   4  0.33 inf
  173 I    0 -1 -1 -5 -4 -4 -5 -5 -5  4  2 -4  4  0 -5 -4 -1  2 -3  3    7   4   3   0   0   0   0   0   0  28  18   0  11   4   0   0   3   3   0  19  0.67 inf
  174 R    1  2  2  1 -3  2  1 -1  1 -3 -2  1 -3 -4 -3  0  2 -4 -1 -2   15  11   9   8   0   9   7   3   3   0   3   8   0   0   0   6  14   0   2   2  0.24 inf
  175 Q   -1  1  0  1 -4  1  2 -1  1 -2 -2  4 -3 -4 -3  0 -1  0 -3 -1    5   7   3   9   0   6  13   5   4   2   3  31   0   0   0   5   2   1   0   5  0.38 inf
  176 L    2 -1 -4 -5  0 -3 -4 -4 -1  2  3 -2  2  0 -2 -3 -1 -4 -1  2   18   4   0   0   1   0   0   0   1  12  34   1   6   4   1   0   2   0   2  12  0.41 inf
  177 L   -3  3  0 -3 -1  2  1 -3  3  0  0  1  3 -3 -4 -1 -2  0  2 -2    0  19   3   0   1  13   8   2   7   5  11  10   8   0   0   3   1   1   7   1  0.32 inf
  178 N   -2  2  0  1 -1  2  4 -2  1 -3 -3  2 -3 -4 -3 -1  0 -5 -2 -2    2  11   5   5   1  10  32   3   4   1   1  12   0   0   0   3   5   0   1   3  0.48 inf
  179 Q    0  3  0  0 -2  1  0  1  1 -2 -2  2 -1 -2 -2 -1 -1  0 -3 -1    9  17   5   6   1   7   7  13   4   3   2  11   2   1   2   3   2   2   0   4  0.18 inf
  180 A    0  0 -2 -3 -2  1 -2  0  2  0  0 -2  2  1 -3  0  0  4 -1  0    8   8   0   0   0   8   0   8   8   8   8   0   8   8   0   8   8   8   0   8  0.14 inf
  181 S    0  2  0  1 -3  2  2 -1  1 -2 -2  1  0 -1 -2  0  0 -3 -2 -1    7  11   4   7   0  11  13   3   4   0   3  11   3   4   0   6   7   0   0   5  0.17 inf
  182 S   -1  1  0 -1  0  1  1 -3  0  0 -2  2 -2 -3 -3 -1  1  4  0 -2    4   7   5   2   2   8  12   0   3   5   4  19   0   0   0   4  13   7   3   2  0.23 inf
  183 L    0  1 -2 -3  3  1 -2 -3  2  0  0  0  2 -2  1  0 -2  4  2  0    7   7   0   0   7   7   0   0   7   7   7   7   7   0   7   7   0   7   7   7  0.19 inf
  184 R   -2  4  1 -3 -5  4  0 -4  4 -5 -4  4 -3 -5 -3 -1 -3 -5 -3 -4    3  23   5   0   0  22   5   0  14   0   0  25   0   0   0   4   0   0   0   0  0.83 inf
  185 E   -1  0  0  3 -4  2  4 -2 -1 -3 -3  3 -2 -4 -1  0 -1 -3 -2 -3    0   0   0  22   0   8  38   0   0   0   0  32   0   0   0   0   0   0   0   0  0.54 inf
  186 R   -1  4  0 -1 -3  2  1 -2 -1 -3 -3  4 -1 -3 -2 -1 -1 -3 -2 -3    0  37   0   0   0  10   0   0   0   0   0  52   0   0   0   0   0   0   0   0  0.57 inf
  187 A    4 -2 -2 -2 -1 -1 -1  0 -2 -2 -2 -1 -1 -3 -1  1  0 -3 -2  0  100   0   0   0   0   0   0   0   0   0   0   0   0   0   0   0   0   0   0   0  0.50 inf
  188 T    0 -1  0 -1 -1 -1 -1 -2 -2 -1 -1 -1 -1 -2 -1  1  5 -3 -2  0    0   0   0   0   0   0   0   0   0   0   0   0   0   0   0   0 100   0   0   0  0.46 inf

                      K         Lambda
PSI Ungapped         0.1176     0.3177
PSI Gapped           0.0360     0.2670
